A
01110
11011
10001
11111
10001
10001
B
11110
10001
11110
10001
10001
11110
C
01111
10000
10000
10000
10000
01111
D
11110
10001
10001
10001
10001
11110
E
11111
10000
11100
10000
10000
11111
F
11111
10000
11100
10000
10000
10000
G
01110
10000
10000
10011
10001
01110
H
10001
10001
11111
10001
10001
10001
I
11111
00100
00100
00100
00100
11111
J
00111
00010
00010
00010
10010
01100
K
10010
10100
11000
10100
10100
10010
L
10000
10000
10000
10000
10000
11111
M
10001
11011
10101
10001
10001
10001
N

O

P

Q

R

S

T

U

V

W

X

Y

Z
